<?xml version="1.0"?>
<opencv_storage>
<calibration_time>"Sat Jan 28 15:38:43 2017"</calibration_time>
<image_width>640</image_width>
<image_height>480</image_height>
<board_width>6</board_width>
<board_height>9</board_height>
<square_size>1.</square_size>
<flags>0</flags>
<camera_matrix type_id="opencv-matrix">
  <rows>3</rows>
  <cols>3</cols>
  <dt>d</dt>
  <data>
    6.6615999410804500e+02 0. 3.1638094326861460e+02 0.
    6.6433273755576636e+02 2.5834081442339942e+02 0. 0. 1.</data></camera_matrix>
<distortion_coefficients type_id="opencv-matrix">
  <rows>5</rows>
  <cols>1</cols>
  <dt>d</dt>
  <data>
    2.0796873109542268e-02 -5.9129401327258302e-01
    5.6870696015615761e-03 3.6976281646877054e-03 1.1814632131708924e+00</data></distortion_coefficients>
<avg_reprojection_error>3.4128050555994034e+00</avg_reprojection_error>
</opencv_storage>
